image_width: 640
image_height: 480
camera_name: chest_camera
camera_matrix:
  rows: 3
  cols: 3
  data: [401.529047760177, 0, 318.1145980696263, 0, 400.2252977083747, 243.9799353278892, 0, 0, 1]
distortion_model: plumb_bob
distortion_coefficients:
  rows: 1
  cols: 5
  data: [-0.02022860533660855, -0.05452208477950831, 0.003195222738222771, -0.001958983512216205, 0]
rectification_matrix:
  rows: 3
  cols: 3
  data: [1, 0, 0, 0, 1, 0, 0, 0, 1]
projection_matrix:
  rows: 3
  cols: 4
  data: [384.8177185058594, 0, 315.4367822191598, 0, 0, 393.2583618164062, 245.1490949765139, 0, 0, 0, 1, 0]
